1769986083676 0.0033317104836092177 0
1769992914164 0.006335124148003894 1
1769999741192 0.009008537812398573 2
1770006588901 0.008515 3
1770013427936 0.008020000000000001 4
1770020290398 0.007525 5
1770027147841 0.00703 6
1770034014512 0.006535 7
1770040892312 0.00604 8
1770047746745 0.0055450000000000004 9
1770054559593 0.00505 10
1770061338167 0.004555 11
1770068124140 0.00406 12
1770074947699 0.003565 13
1770081790354 0.0030700000000000007 14
1770088630575 0.002575 15
1770095477495 0.00208 16
1770102338149 0.0015850000000000003 17
1770109184671 0.0010899999999999998 18
1770116013560 0.0005950000000000005 19
