1770241193071 0.05844 0
1770243812690 0.06086 1
1770246406767 0.06544 2
1770248989090 0.05804 3
1770251562711 0.07106 4
1770254128256 0.08479 5
1770256694615 0.08058 6
1770259272341 0.08232 7
1770261837583 0.08245 8
1770264411019 0.08103 9
1770266973148 0.08122 10
1770269547673 0.08049 11
1770272121249 0.0799 12
1770274694401 0.08039 13
1770277270313 0.08053 14
1770279842821 0.08079 15
1770282413508 0.08178 16
1770284991195 0.0827 17
1770287566776 0.08338 18
1770290149418 0.0832 19
1770290709868 0.08478920375386147 19
