1770241193071 0.1967 0
1770243812690 0.20767 1
1770246406767 0.21156 2
1770248989090 0.18115 3
1770251562711 0.21714 4
1770254128256 0.25165 5
1770256694615 0.24185 6
1770259272341 0.24608 7
1770261837583 0.24661 8
1770264411019 0.24309 9
1770266973148 0.24426 10
1770269547673 0.24332 11
1770272121249 0.24105 12
1770274694401 0.2426 13
1770277270313 0.2418 14
1770279842821 0.24138 15
1770282413508 0.24194 16
1770284991195 0.24399 17
1770287566776 0.24636 18
1770290149418 0.2459 19
1770290709868 0.2515247921348658 19
