1770241193071 0.29662 0
1770243812690 0.29949 1
1770246406767 0.30084 2
1770248989090 0.29191 3
1770251562711 0.3265 4
1770254128256 0.3537 5
1770256694615 0.3506 6
1770259272341 0.35513 7
1770261837583 0.35799 8
1770264411019 0.35481 9
1770266973148 0.35292 10
1770269547673 0.34916 11
1770272121249 0.34743 12
1770274694401 0.34731 13
1770277270313 0.34782 14
1770279842821 0.34846 15
1770282413508 0.34751 16
1770284991195 0.3485 17
1770287566776 0.35261 18
1770290149418 0.35604 19
1770290709868 0.35341567565170656 19
