1770241193071 0.29621 0
1770243812690 0.31061 1
1770246406767 0.29713 2
1770248989090 0.28352 3
1770251562711 0.30198 4
1770254128256 0.32395 5
1770256694615 0.30661 6
1770259272341 0.30857 7
1770261837583 0.30655 8
1770264411019 0.31107 9
1770266973148 0.31819 10
1770269547673 0.32172 11
1770272121249 0.32356 12
1770274694401 0.32724 13
1770277270313 0.32159 14
1770279842821 0.31902 15
1770282413508 0.31488 16
1770284991195 0.31324 17
1770287566776 0.30891 18
1770290149418 0.30476 19
1770290709868 0.32374758937774845 19
