1769987923651 0.12247 0
1769994751140 0.13772 1
1770001589448 0.0396 2
1770008427997 0.0995 3
1770015276254 0.09337 4
1770022133154 0.08109 5
1770028986541 0.1307 6
1770035864532 0.123 7
1770042737350 0.11895 8
1770049594628 0.13765 9
1770056397019 0.13944 10
1770063171323 0.13918 11
1770069965202 0.10896 12
1770076791359 0.1157 13
1770083629693 0.09186 14
1770090479332 0.09735 15
1770097334524 0.08756 16
1770104180850 0.08662 17
1770111019497 0.08938 18
1770117844223 0.0836 19
1770119729396 0.13911129446645834 19
