1769987923651 0.0367 0
1769994751140 0.03961 1
1770001589448 0.00872 2
1770008427997 0.02892 3
1770015276254 0.02879 4
1770022133154 0.02145 5
1770028986541 0.03945 6
1770035864532 0.03728 7
1770042737350 0.03854 8
1770049594628 0.04412 9
1770056397019 0.04494 10
1770063171323 0.04614 11
1770069965202 0.03383 12
1770076791359 0.036 13
1770083629693 0.0296 14
1770090479332 0.03051 15
1770097334524 0.02715 16
1770104180850 0.02613 17
1770111019497 0.02696 18
1770117844223 0.02538 19
1770119729396 0.04613270138242532 19
