1769987923651 0.20144 0
1769994751140 0.18968 1
1770001589448 0.10285 2
1770008427997 0.19799 3
1770015276254 0.05488 4
1770022133154 0.4018 5
1770028986541 0.32042 6
1770035864532 0.29931 7
1770042737350 0.25799 8
1770049594628 0.35748 9
1770056397019 0.35977 10
1770063171323 0.36989 11
1770069965202 0.33865 12
1770076791359 0.34913 13
1770083629693 0.36894 14
1770090479332 0.34853 15
1770097334524 0.37286 16
1770104180850 0.32484 17
1770111019497 0.35333 18
1770117844223 0.34073 19
1770119729396 0.36943260027268826 19
