1769987923651 0.17998 0
1769994751140 0.19033 1
1770001589448 0.12735 2
1770008427997 0.10597 3
1770015276254 0.32963 4
1770022133154 0.07026 5
1770028986541 0.11236 6
1770035864532 0.10559 7
1770042737350 0.10091 8
1770049594628 0.09888 9
1770056397019 0.09918 10
1770063171323 0.09614 11
1770069965202 0.08778 12
1770076791359 0.09007 13
1770083629693 0.07497 14
1770090479332 0.0795 15
1770097334524 0.07578 16
1770104180850 0.08018 17
1770111019497 0.08119 18
1770117844223 0.07832 19
1770119729396 0.09616571630033703 19
