1770240605813 0.0033325163398692814 0
1770243235294 0.006335890114379085 1
1770245825990 0.00900926388888889 2
1770248417015 0.008515 3
1770250995663 0.008020000000000001 4
1770253561374 0.007525 5
1770256129265 0.00703 6
1770258702710 0.006535 7
1770261274474 0.00604 8
1770263847118 0.0055450000000000004 9
1770266416594 0.00505 10
1770268984442 0.004555 11
1770271559626 0.00406 12
1770274128830 0.003565 13
1770276704141 0.0030700000000000007 14
1770279278834 0.002575 15
1770281853500 0.00208 16
1770284428403 0.0015850000000000003 17
1770287007297 0.0010899999999999998 18
1770289583874 0.0005950000000000005 19
